# 04 — Clustering & Non-Interchangeability

## Global Moran I Summary

| Status | Months sig (p<0.05) | % | I min | I max | I mean |
|--------|--------------------|----|-------|-------|--------|
| Total | 132/132 | 100% | 0.0376 | 0.3744 | 0.1990 |
| Not Located | 132/132 | 100% | 0.0428 | 0.2798 | 0.1631 |
| Located Alive | 127/132 | 96% | 0.0107 | 0.4010 | 0.1873 |
| Located Dead | 122/132 | 92% | -0.0058 | 0.2975 | 0.1008 |

## LISA Classification (Jun 2025, total sex)

| Status | HH | LL | HL | LH | NS |
|--------|----|----|----|----|-----|
| Total | 106 | 50 | 1 | 62 | 2259 |
| Not Located | 93 | 2 | 2 | 52 | 2329 |
| Located Alive | 110 | 5 | 35 | 69 | 2259 |
| Located Dead | 35 | 7 | 38 | 105 | 2293 |

## Jaccard Matrix — Jun 2015

| | Total | Not Located | Located Alive | Located Dead |
|---|---|---|---|---|
| Total | **79** | 0.247 | 0.616 | 0.024 |
| Not Located | 0.247 | **37** | 0.066 | 0.103 |
| Located Alive | 0.616 | 0.066 | **60** | 0.000 |
| Located Dead | 0.024 | 0.103 | 0.000 | **6** |

## Jaccard Matrix — Jun 2020

| | Total | Not Located | Located Alive | Located Dead |
|---|---|---|---|---|
| Total | **89** | 0.218 | 0.657 | 0.216 |
| Not Located | 0.218 | **56** | 0.106 | 0.164 |
| Located Alive | 0.657 | 0.106 | **80** | 0.198 |
| Located Dead | 0.216 | 0.164 | 0.198 | **29** |

## Jaccard Matrix — Jun 2025

| | Total | Not Located | Located Alive | Located Dead |
|---|---|---|---|---|
| Total | **106** | 0.555 | 0.674 | 0.205 |
| Not Located | 0.555 | **93** | 0.381 | 0.143 |
| Located Alive | 0.674 | 0.381 | **110** | 0.151 |
| Located Dead | 0.205 | 0.143 | 0.151 | **35** |